  -0.0015985839
  -0.0020027280
  -0.0025571118
  -0.0025113605
  -0.0015727078
   0.0003414753
   0.0030020199
   0.0058544817
   0.0081211238
   0.0090066770
   0.0079549470
   0.0048735906
   0.0002424209
  -0.0049512887
  -0.0094529079
  -0.0120959793
  -0.0121650074
  -0.0096427996
  -0.0052481170
  -0.0002349821
   0.0039933206
   0.0063330612
   0.0063391524
   0.0043653859
   0.0014286563
  -0.0011629361
  -0.0022904707
  -0.0014406178
   0.0010971902
   0.0043320390
   0.0069413298
   0.0077767536
   0.0063178426
   0.0028977356
  -0.0013930606
  -0.0050986649
  -0.0069443229
  -0.0063310536
  -0.0035846575
   0.0001462869
   0.0033163124
   0.0045778351
   0.0033181428
  -0.0000736354
  -0.0043252012
  -0.0077507775
  -0.0089038619
  -0.0071571161
  -0.0029858582
   0.0021768054
   0.0064631943
   0.0082874192
   0.0069764959
   0.0030628773
  -0.0018852721
  -0.0058498041
  -0.0071465553
  -0.0051034208
  -0.0003631810
   0.0053226427
   0.0097468125
   0.0111020955
   0.0087086594
   0.0033225177
  -0.0031122235
  -0.0081886212
  -0.0099680664
  -0.0077563177
  -0.0024138173
   0.0039381322
   0.0087187118
   0.0098951381
   0.0068045528
   0.0004601112
  -0.0067956262
  -0.0121732579
  -0.0135224317
  -0.0101977087
  -0.0033560842
   0.0044473352
   0.0102260885
   0.0117259326
   0.0083310231
   0.0013478485
  -0.0064618594
  -0.0119347163
  -0.0127451779
  -0.0083468918
  -0.0002366042
   0.0085811284
   0.0147367104
   0.0158110254
   0.0113076345
   0.0028921170
  -0.0062148351
  -0.0124691854
  -0.0133905403
  -0.0085602874
   0.0001710294
   0.0093650408
   0.0153174217
   0.0155117760
   0.0096368181
  -0.0002430985
  -0.0104485831
  -0.0170954159
  -0.0176126540
  -0.0117735195
  -0.0018241260
   0.0083563843
   0.0147514985
   0.0147828246
   0.0083469745
  -0.0021028071
  -0.0124777923
  -0.0186326946
  -0.0179927370
  -0.0105901551
   0.0009055268
   0.0121903329
   0.0189840414
   0.0187024481
   0.0114879784
   0.0001863328
  -0.0107358357
  -0.0169219305
  -0.0158343114
  -0.0077714301
   0.0042133342
   0.0154725556
   0.0215630936
   0.0199854045
   0.0111825414
  -0.0015998553
  -0.0135492579
  -0.0201451981
  -0.0189215613
  -0.0104418320
   0.0018990783
   0.0131799897
   0.0188641400
   0.0165746258
   0.0070409544
  -0.0061590936
  -0.0179690346
  -0.0238096957
  -0.0213620000
  -0.0114822041
   0.0021123244
   0.0142704285
   0.0203979294
   0.0182406014
   0.0087649212
  -0.0042090598
  -0.0154843137
  -0.0205031362
  -0.0171219012
  -0.0064547664
   0.0075433477
   0.0195956269
   0.0251373801
   0.0220785218
   0.0116121616
  -0.0022446183
  -0.0142005103
  -0.0197309064
  -0.0168217869
  -0.0067430813
   0.0064467288
   0.0174714678
   0.0218758256
   0.0177457182
   0.0064479063
  -0.0078940260
  -0.0199817046
  -0.0253711449
  -0.0221687592
  -0.0117434485
   0.0018139666
   0.0132704831
   0.0182605430
   0.0149529986
   0.0047385189
  -0.0083179810
  -0.0190453756
  -0.0231483219
  -0.0188445660
  -0.0075371700
   0.0067303928
   0.0188169192
   0.0244335130
   0.0217542248
   0.0120815320
  -0.0006786489
  -0.0115213859
  -0.0162489025
  -0.0130539778
  -0.0031861179
   0.0095415964
   0.0202078108
   0.0246430781
   0.0209915144
   0.0103913241
  -0.0034707335
  -0.0157509863
  -0.0222559788
  -0.0209870683
  -0.0128511176
  -0.0012833277
   0.0090640406
   0.0140686784
   0.0116684407
   0.0026128929
  -0.0098297390
  -0.0210891072
  -0.0269757913
  -0.0252091671
  -0.0162336754
  -0.0030362080
   0.0099537753
   0.0184707980
   0.0199425097
   0.0143926444
   0.0043997002
  -0.0058596802
  -0.0121261503
  -0.0115911060
  -0.0039094426
   0.0086649286
   0.0220571046
   0.0317727048
   0.0344453447
   0.0289965331
   0.0169988371
   0.0021627802
  -0.0109141071
  -0.0182782655
  -0.0179524668
  -0.0106225771
   0.0005294404
   0.0107932096
   0.0153940138
   0.0110069776
  -0.0031278723
  -0.0248099217
  -0.0493068488
  -0.0704819147
  -0.0823115422
  -0.0803978406
  -0.0631024287
  -0.0320405453
   0.0081604640
   0.0507627322
   0.0882659848
   0.1139084907
   0.1230123114
   0.1139084907
   0.0882659848
   0.0507627322
   0.0081604640
  -0.0320405453
  -0.0631024287
  -0.0803978406
  -0.0823115422
  -0.0704819147
  -0.0493068488
  -0.0248099217
  -0.0031278723
   0.0110069776
   0.0153940138
   0.0107932096
   0.0005294404
  -0.0106225771
  -0.0179524668
  -0.0182782655
  -0.0109141071
   0.0021627802
   0.0169988371
   0.0289965331
   0.0344453447
   0.0317727048
   0.0220571046
   0.0086649286
  -0.0039094426
  -0.0115911060
  -0.0121261503
  -0.0058596802
   0.0043997002
   0.0143926444
   0.0199425097
   0.0184707980
   0.0099537753
  -0.0030362080
  -0.0162336754
  -0.0252091671
  -0.0269757913
  -0.0210891072
  -0.0098297390
   0.0026128929
   0.0116684407
   0.0140686784
   0.0090640406
  -0.0012833277
  -0.0128511176
  -0.0209870683
  -0.0222559788
  -0.0157509863
  -0.0034707335
   0.0103913241
   0.0209915144
   0.0246430781
   0.0202078108
   0.0095415964
  -0.0031861179
  -0.0130539778
  -0.0162489025
  -0.0115213859
  -0.0006786489
   0.0120815320
   0.0217542248
   0.0244335130
   0.0188169192
   0.0067303928
  -0.0075371700
  -0.0188445660
  -0.0231483219
  -0.0190453756
  -0.0083179810
   0.0047385189
   0.0149529986
   0.0182605430
   0.0132704831
   0.0018139666
  -0.0117434485
  -0.0221687592
  -0.0253711449
  -0.0199817046
  -0.0078940260
   0.0064479063
   0.0177457182
   0.0218758256
   0.0174714678
   0.0064467288
  -0.0067430813
  -0.0168217869
  -0.0197309064
  -0.0142005103
  -0.0022446183
   0.0116121616
   0.0220785218
   0.0251373801
   0.0195956269
   0.0075433477
  -0.0064547664
  -0.0171219012
  -0.0205031362
  -0.0154843137
  -0.0042090598
   0.0087649212
   0.0182406014
   0.0203979294
   0.0142704285
   0.0021123244
  -0.0114822041
  -0.0213620000
  -0.0238096957
  -0.0179690346
  -0.0061590936
   0.0070409544
   0.0165746258
   0.0188641400
   0.0131799897
   0.0018990783
  -0.0104418320
  -0.0189215613
  -0.0201451981
  -0.0135492579
  -0.0015998553
   0.0111825414
   0.0199854045
   0.0215630936
   0.0154725556
   0.0042133342
  -0.0077714301
  -0.0158343114
  -0.0169219305
  -0.0107358357
   0.0001863328
   0.0114879784
   0.0187024481
   0.0189840414
   0.0121903329
   0.0009055268
  -0.0105901551
  -0.0179927370
  -0.0186326946
  -0.0124777923
  -0.0021028071
   0.0083469745
   0.0147828246
   0.0147514985
   0.0083563843
  -0.0018241260
  -0.0117735195
  -0.0176126540
  -0.0170954159
  -0.0104485831
  -0.0002430985
   0.0096368181
   0.0155117760
   0.0153174217
   0.0093650408
   0.0001710294
  -0.0085602874
  -0.0133905403
  -0.0124691854
  -0.0062148351
   0.0028921170
   0.0113076345
   0.0158110254
   0.0147367104
   0.0085811284
  -0.0002366042
  -0.0083468918
  -0.0127451779
  -0.0119347163
  -0.0064618594
   0.0013478485
   0.0083310231
   0.0117259326
   0.0102260885
   0.0044473352
  -0.0033560842
  -0.0101977087
  -0.0135224317
  -0.0121732579
  -0.0067956262
   0.0004601112
   0.0068045528
   0.0098951381
   0.0087187118
   0.0039381322
  -0.0024138173
  -0.0077563177
  -0.0099680664
  -0.0081886212
  -0.0031122235
   0.0033225177
   0.0087086594
   0.0111020955
   0.0097468125
   0.0053226427
  -0.0003631810
  -0.0051034208
  -0.0071465553
  -0.0058498041
  -0.0018852721
   0.0030628773
   0.0069764959
   0.0082874192
   0.0064631943
   0.0021768054
  -0.0029858582
  -0.0071571161
  -0.0089038619
  -0.0077507775
  -0.0043252012
  -0.0000736354
   0.0033181428
   0.0045778351
   0.0033163124
   0.0001462869
  -0.0035846575
  -0.0063310536
  -0.0069443229
  -0.0050986649
  -0.0013930606
   0.0028977356
   0.0063178426
   0.0077767536
   0.0069413298
   0.0043320390
   0.0010971902
  -0.0014406178
  -0.0022904707
  -0.0011629361
   0.0014286563
   0.0043653859
   0.0063391524
   0.0063330612
   0.0039933206
  -0.0002349821
  -0.0052481170
  -0.0096427996
  -0.0121650074
  -0.0120959793
  -0.0094529079
  -0.0049512887
   0.0002424209
   0.0048735906
   0.0079549470
   0.0090066770
   0.0081211238
   0.0058544817
   0.0030020199
   0.0003414753
  -0.0015727078
  -0.0025113605
  -0.0025571118
  -0.0020027280
  -0.0015985839
