  -0.0007194884
  -0.0041107292
  -0.0002557329
  -0.0010284834
  -0.0009924620
  -0.0011032540
  -0.0011927700
  -0.0012906389
  -0.0013915471
  -0.0014963390
  -0.0016048869
  -0.0017168893
  -0.0018326829
  -0.0019519159
  -0.0020743202
  -0.0022001252
  -0.0023289707
  -0.0024608792
  -0.0025956177
  -0.0027329653
  -0.0028728938
  -0.0030151025
  -0.0031594152
  -0.0033054665
  -0.0034532982
  -0.0036023134
  -0.0037524675
  -0.0039034806
  -0.0040548549
  -0.0042066768
  -0.0043584009
  -0.0045098180
  -0.0046605652
  -0.0048105492
  -0.0049592196
  -0.0051064388
  -0.0052518398
  -0.0053949132
  -0.0055354125
  -0.0056728897
  -0.0058069028
  -0.0059372549
  -0.0060633974
  -0.0061850958
  -0.0063019744
  -0.0064138510
  -0.0065203793
  -0.0066213425
  -0.0067163709
  -0.0068050753
  -0.0068872527
  -0.0069622003
  -0.0070297496
  -0.0070894307
  -0.0071409486
  -0.0071842374
  -0.0072192457
  -0.0072458446
  -0.0072641374
  -0.0072737950
  -0.0072742167
  -0.0072646790
  -0.0072451054
  -0.0072151667
  -0.0071758270
  -0.0071273679
  -0.0070700494
  -0.0070028062
  -0.0069241073
  -0.0068341218
  -0.0067348887
  -0.0066281437
  -0.0065117307
  -0.0063833243
  -0.0062441925
  -0.0060984370
  -0.0059447000
  -0.0057783419
  -0.0056033076
  -0.0054233889
  -0.0052330305
  -0.0050324105
  -0.0048283714
  -0.0046154611
  -0.0043931359
  -0.0041691789
  -0.0039352417
  -0.0036963358
  -0.0034553499
  -0.0032040258
  -0.0029548165
  -0.0026960389
  -0.0024388384
  -0.0021753796
  -0.0019123520
  -0.0016462158
  -0.0013801355
  -0.0011133059
  -0.0008467745
  -0.0005811501
  -0.0003169337
  -0.0000547160
   0.0002047667
   0.0004611655
   0.0007136761
   0.0009616846
   0.0012045969
   0.0014418311
   0.0016725887
   0.0018965718
   0.0021132661
   0.0023218147
   0.0025221341
   0.0027134161
   0.0028952294
   0.0030671236
   0.0032285073
   0.0033788669
   0.0035178816
   0.0036453549
   0.0037607173
   0.0038639992
   0.0039546580
   0.0040323570
   0.0040967890
   0.0041476872
   0.0041850720
   0.0042089245
   0.0042192495
   0.0042159174
   0.0041986285
   0.0041672812
   0.0041220387
   0.0040632932
   0.0039910888
   0.0039058263
   0.0038073090
   0.0036953314
   0.0035706935
   0.0034340831
   0.0032859047
   0.0031258876
   0.0029543392
   0.0027721322
   0.0025803479
   0.0023789219
   0.0021678199
   0.0019482020
   0.0017213791
   0.0014872944
   0.0012463733
   0.0009993996
   0.0007483974
   0.0004926769
   0.0002330273
  -0.0000290976
  -0.0002924126
  -0.0005576016
  -0.0008230778
  -0.0010869992
  -0.0013502473
  -0.0016109608
  -0.0018678797
  -0.0021211709
  -0.0023694604
  -0.0026111975
  -0.0028467396
  -0.0030748997
  -0.0032937499
  -0.0035042540
  -0.0037040973
  -0.0038926637
  -0.0040704624
  -0.0042346458
  -0.0043864063
  -0.0045239425
  -0.0046466140
  -0.0047546355
  -0.0048458064
  -0.0049216168
  -0.0049789803
  -0.0050199948
  -0.0050417105
  -0.0050460176
  -0.0050308360
  -0.0049966439
  -0.0049427786
  -0.0048690675
  -0.0047750609
  -0.0046610515
  -0.0045267207
  -0.0043719492
  -0.0041969028
  -0.0040013855
  -0.0037852637
  -0.0035491915
  -0.0032931838
  -0.0030174397
  -0.0027224471
  -0.0024081947
  -0.0020751052
  -0.0017236873
  -0.0013546867
  -0.0009683901
  -0.0005655794
  -0.0001466993
   0.0002876697
   0.0007366183
   0.0011993066
   0.0016748164
   0.0021628079
   0.0026623364
   0.0031720084
   0.0036909709
   0.0042186414
   0.0047540101
   0.0052956556
   0.0058425843
   0.0063939047
   0.0069486398
   0.0075055599
   0.0080631111
   0.0086207817
   0.0091774748
   0.0097316919
   0.0102821087
   0.0108279867
   0.0113683418
   0.0119015414
   0.0124265473
   0.0129425052
   0.0134485413
   0.0139429636
   0.0144248704
   0.0148936029
   0.0153477968
   0.0157864277
   0.0162091158
   0.0166141344
   0.0170011259
   0.0173690649
   0.0177176638
   0.0180448632
   0.0183516449
   0.0186358019
   0.0188975270
   0.0191363173
   0.0193512723
   0.0195422445
   0.0197082126
   0.0198501344
   0.0199651203
   0.0200559283
   0.0201215967
   0.0201597095
   0.0201731260
   0.0201597095
   0.0201215967
   0.0200559283
   0.0199651203
   0.0198501344
   0.0197082126
   0.0195422445
   0.0193512723
   0.0191363173
   0.0188975270
   0.0186358019
   0.0183516449
   0.0180448632
   0.0177176638
   0.0173690649
   0.0170011259
   0.0166141344
   0.0162091158
   0.0157864277
   0.0153477968
   0.0148936029
   0.0144248704
   0.0139429636
   0.0134485413
   0.0129425052
   0.0124265473
   0.0119015414
   0.0113683418
   0.0108279867
   0.0102821087
   0.0097316919
   0.0091774748
   0.0086207817
   0.0080631111
   0.0075055599
   0.0069486398
   0.0063939047
   0.0058425843
   0.0052956556
   0.0047540101
   0.0042186414
   0.0036909709
   0.0031720084
   0.0026623364
   0.0021628079
   0.0016748164
   0.0011993066
   0.0007366183
   0.0002876697
  -0.0001466993
  -0.0005655794
  -0.0009683901
  -0.0013546867
  -0.0017236873
  -0.0020751052
  -0.0024081947
  -0.0027224471
  -0.0030174397
  -0.0032931838
  -0.0035491915
  -0.0037852637
  -0.0040013855
  -0.0041969028
  -0.0043719492
  -0.0045267207
  -0.0046610515
  -0.0047750609
  -0.0048690675
  -0.0049427786
  -0.0049966439
  -0.0050308360
  -0.0050460176
  -0.0050417105
  -0.0050199948
  -0.0049789803
  -0.0049216168
  -0.0048458064
  -0.0047546355
  -0.0046466140
  -0.0045239425
  -0.0043864063
  -0.0042346458
  -0.0040704624
  -0.0038926637
  -0.0037040973
  -0.0035042540
  -0.0032937499
  -0.0030748997
  -0.0028467396
  -0.0026111975
  -0.0023694604
  -0.0021211709
  -0.0018678797
  -0.0016109608
  -0.0013502473
  -0.0010869992
  -0.0008230778
  -0.0005576016
  -0.0002924126
  -0.0000290976
   0.0002330273
   0.0004926769
   0.0007483974
   0.0009993996
   0.0012463733
   0.0014872944
   0.0017213791
   0.0019482020
   0.0021678199
   0.0023789219
   0.0025803479
   0.0027721322
   0.0029543392
   0.0031258876
   0.0032859047
   0.0034340831
   0.0035706935
   0.0036953314
   0.0038073090
   0.0039058263
   0.0039910888
   0.0040632932
   0.0041220387
   0.0041672812
   0.0041986285
   0.0042159174
   0.0042192495
   0.0042089245
   0.0041850720
   0.0041476872
   0.0040967890
   0.0040323570
   0.0039546580
   0.0038639992
   0.0037607173
   0.0036453549
   0.0035178816
   0.0033788669
   0.0032285073
   0.0030671236
   0.0028952294
   0.0027134161
   0.0025221341
   0.0023218147
   0.0021132661
   0.0018965718
   0.0016725887
   0.0014418311
   0.0012045969
   0.0009616846
   0.0007136761
   0.0004611655
   0.0002047667
  -0.0000547160
  -0.0003169337
  -0.0005811501
  -0.0008467745
  -0.0011133059
  -0.0013801355
  -0.0016462158
  -0.0019123520
  -0.0021753796
  -0.0024388384
  -0.0026960389
  -0.0029548165
  -0.0032040258
  -0.0034553499
  -0.0036963358
  -0.0039352417
  -0.0041691789
  -0.0043931359
  -0.0046154611
  -0.0048283714
  -0.0050324105
  -0.0052330305
  -0.0054233889
  -0.0056033076
  -0.0057783419
  -0.0059447000
  -0.0060984370
  -0.0062441925
  -0.0063833243
  -0.0065117307
  -0.0066281437
  -0.0067348887
  -0.0068341218
  -0.0069241073
  -0.0070028062
  -0.0070700494
  -0.0071273679
  -0.0071758270
  -0.0072151667
  -0.0072451054
  -0.0072646790
  -0.0072742167
  -0.0072737950
  -0.0072641374
  -0.0072458446
  -0.0072192457
  -0.0071842374
  -0.0071409486
  -0.0070894307
  -0.0070297496
  -0.0069622003
  -0.0068872527
  -0.0068050753
  -0.0067163709
  -0.0066213425
  -0.0065203793
  -0.0064138510
  -0.0063019744
  -0.0061850958
  -0.0060633974
  -0.0059372549
  -0.0058069028
  -0.0056728897
  -0.0055354125
  -0.0053949132
  -0.0052518398
  -0.0051064388
  -0.0049592196
  -0.0048105492
  -0.0046605652
  -0.0045098180
  -0.0043584009
  -0.0042066768
  -0.0040548549
  -0.0039034806
  -0.0037524675
  -0.0036023134
  -0.0034532982
  -0.0033054665
  -0.0031594152
  -0.0030151025
  -0.0028728938
  -0.0027329653
  -0.0025956177
  -0.0024608792
  -0.0023289707
  -0.0022001252
  -0.0020743202
  -0.0019519159
  -0.0018326829
  -0.0017168893
  -0.0016048869
  -0.0014963390
  -0.0013915471
  -0.0012906389
  -0.0011927700
  -0.0011032540
  -0.0009924620
  -0.0010284834
  -0.0002557329
  -0.0041107292
  -0.0007194884
