  -0.0044047220
  -0.0013667386
  -0.0015316884
  -0.0016739344
  -0.0017854571
  -0.0018585789
  -0.0018855105
  -0.0018593039
  -0.0017736907
  -0.0016234704
  -0.0014048338
  -0.0011155505
  -0.0007550472
  -0.0003247132
   0.0001719637
   0.0007293556
   0.0013397643
   0.0019934199
   0.0026786184
   0.0033818800
   0.0040881736
   0.0047811498
   0.0054435752
   0.0060577466
   0.0066058635
   0.0070703702
   0.0074345022
   0.0076828454
   0.0078017620
   0.0077796866
   0.0076075946
   0.0072794806
   0.0067926453
   0.0061477395
   0.0053489311
   0.0044041071
   0.0033248693
   0.0021261983
   0.0008262336
  -0.0005538569
  -0.0019902181
  -0.0034570346
  -0.0049270567
  -0.0063718165
  -0.0077622474
  -0.0090705187
  -0.0102681661
  -0.0113298175
  -0.0122315340
  -0.0129518877
  -0.0134739821
  -0.0137834104
  -0.0138706773
  -0.0137308575
  -0.0133633169
  -0.0127721042
  -0.0119661228
  -0.0109587783
  -0.0097674790
  -0.0084134947
  -0.0069216808
  -0.0053198817
  -0.0036380817
  -0.0019078987
  -0.0001620680
   0.0015666322
   0.0032459270
   0.0048451758
   0.0063357072
   0.0076914764
   0.0088896764
   0.0099112538
   0.0107411602
   0.0113686091
   0.0117873385
   0.0119958511
   0.0119974895
   0.0118003719
   0.0114170545
   0.0108638920
   0.0101603111
   0.0093282412
   0.0083917355
   0.0073766919
   0.0063105526
   0.0052216710
   0.0041378598
   0.0030844724
   0.0020835831
   0.0011553730
   0.0003202265
  -0.0004018387
  -0.0010013837
  -0.0014830752
  -0.0018216420
  -0.0020345658
  -0.0021182620
  -0.0020828378
  -0.0019396281
  -0.0017030399
  -0.0013902996
  -0.0010205405
  -0.0006142016
  -0.0001925757
   0.0002228590
   0.0006111938
   0.0009526954
   0.0012293615
   0.0014255097
   0.0015282424
   0.0015277877
   0.0014177851
   0.0011955846
   0.0008623306
   0.0004228591
  -0.0001144569
  -0.0007378270
  -0.0014323880
  -0.0021807381
  -0.0029635204
  -0.0037598416
  -0.0045478709
  -0.0053055610
  -0.0060114265
  -0.0066450248
  -0.0071875554
  -0.0076224605
  -0.0079361651
  -0.0081183387
  -0.0081619807
  -0.0080641540
  -0.0078258166
  -0.0074519574
  -0.0069512059
  -0.0063358585
  -0.0056215856
  -0.0048267103
  -0.0039714279
  -0.0030788738
  -0.0021710244
  -0.0012725785
  -0.0004060578
   0.0004068497
   0.0011451586
   0.0017919037
   0.0023325417
   0.0027556748
   0.0030541437
   0.0032251116
   0.0032697400
   0.0031931805
   0.0030048425
   0.0027181453
   0.0023498312
   0.0019193336
   0.0014484118
   0.0009605300
   0.0004798836
   0.0000304125
  -0.0003648609
  -0.0006844323
  -0.0009090354
  -0.0010224830
  -0.0010123606
  -0.0008705837
  -0.0005937400
  -0.0001832242
   0.0003548617
   0.0010097980
   0.0017663881
   0.0026052135
   0.0035031761
   0.0044342035
   0.0053702502
   0.0062823660
   0.0071416089
   0.0079195118
   0.0085887576
   0.0091245598
   0.0095063623
   0.0097184071
   0.0097492124
   0.0095915446
   0.0092443745
   0.0087152686
   0.0080152486
   0.0071578358
   0.0061704957
   0.0050753764
   0.0039053633
   0.0026927012
   0.0014725737
   0.0002808127
  -0.0008475838
  -0.0018791602
  -0.0027834743
  -0.0035340690
  -0.0041096338
  -0.0044946814
  -0.0046803691
  -0.0046649906
  -0.0044542442
  -0.0040611504
  -0.0035059525
  -0.0028156910
  -0.0020234566
  -0.0011673498
  -0.0002894559
   0.0005653740
   0.0013509939
   0.0020216155
   0.0025333038
   0.0028454478
   0.0029223055
   0.0027345548
   0.0022605079
   0.0014870612
   0.0004105221
  -0.0009626817
  -0.0026157557
  -0.0045216791
  -0.0066435624
  -0.0089351783
  -0.0113419721
  -0.0138024401
  -0.0162496316
  -0.0186127299
  -0.0208190650
  -0.0227963064
  -0.0244742488
  -0.0257864160
  -0.0266745523
  -0.0270852410
  -0.0269793528
  -0.0263255773
  -0.0251064827
  -0.0233196090
  -0.0209746247
  -0.0180958133
  -0.0147221832
  -0.0109059691
  -0.0067112947
  -0.0022133568
   0.0025028417
   0.0073448127
   0.0122152119
   0.0170140646
   0.0216407941
   0.0259966643
   0.0299875266
   0.0335263916
   0.0365355814
   0.0389486120
   0.0407118492
   0.0417859026
   0.0421466368
   0.0417859026
   0.0407118492
   0.0389486120
   0.0365355814
   0.0335263916
   0.0299875266
   0.0259966643
   0.0216407941
   0.0170140646
   0.0122152119
   0.0073448127
   0.0025028417
  -0.0022133568
  -0.0067112947
  -0.0109059691
  -0.0147221832
  -0.0180958133
  -0.0209746247
  -0.0233196090
  -0.0251064827
  -0.0263255773
  -0.0269793528
  -0.0270852410
  -0.0266745523
  -0.0257864160
  -0.0244742488
  -0.0227963064
  -0.0208190650
  -0.0186127299
  -0.0162496316
  -0.0138024401
  -0.0113419721
  -0.0089351783
  -0.0066435624
  -0.0045216791
  -0.0026157557
  -0.0009626817
   0.0004105221
   0.0014870612
   0.0022605079
   0.0027345548
   0.0029223055
   0.0028454478
   0.0025333038
   0.0020216155
   0.0013509939
   0.0005653740
  -0.0002894559
  -0.0011673498
  -0.0020234566
  -0.0028156910
  -0.0035059525
  -0.0040611504
  -0.0044542442
  -0.0046649906
  -0.0046803691
  -0.0044946814
  -0.0041096338
  -0.0035340690
  -0.0027834743
  -0.0018791602
  -0.0008475838
   0.0002808127
   0.0014725737
   0.0026927012
   0.0039053633
   0.0050753764
   0.0061704957
   0.0071578358
   0.0080152486
   0.0087152686
   0.0092443745
   0.0095915446
   0.0097492124
   0.0097184071
   0.0095063623
   0.0091245598
   0.0085887576
   0.0079195118
   0.0071416089
   0.0062823660
   0.0053702502
   0.0044342035
   0.0035031761
   0.0026052135
   0.0017663881
   0.0010097980
   0.0003548617
  -0.0001832242
  -0.0005937400
  -0.0008705837
  -0.0010123606
  -0.0010224830
  -0.0009090354
  -0.0006844323
  -0.0003648609
   0.0000304125
   0.0004798836
   0.0009605300
   0.0014484118
   0.0019193336
   0.0023498312
   0.0027181453
   0.0030048425
   0.0031931805
   0.0032697400
   0.0032251116
   0.0030541437
   0.0027556748
   0.0023325417
   0.0017919037
   0.0011451586
   0.0004068497
  -0.0004060578
  -0.0012725785
  -0.0021710244
  -0.0030788738
  -0.0039714279
  -0.0048267103
  -0.0056215856
  -0.0063358585
  -0.0069512059
  -0.0074519574
  -0.0078258166
  -0.0080641540
  -0.0081619807
  -0.0081183387
  -0.0079361651
  -0.0076224605
  -0.0071875554
  -0.0066450248
  -0.0060114265
  -0.0053055610
  -0.0045478709
  -0.0037598416
  -0.0029635204
  -0.0021807381
  -0.0014323880
  -0.0007378270
  -0.0001144569
   0.0004228591
   0.0008623306
   0.0011955846
   0.0014177851
   0.0015277877
   0.0015282424
   0.0014255097
   0.0012293615
   0.0009526954
   0.0006111938
   0.0002228590
  -0.0001925757
  -0.0006142016
  -0.0010205405
  -0.0013902996
  -0.0017030399
  -0.0019396281
  -0.0020828378
  -0.0021182620
  -0.0020345658
  -0.0018216420
  -0.0014830752
  -0.0010013837
  -0.0004018387
   0.0003202265
   0.0011553730
   0.0020835831
   0.0030844724
   0.0041378598
   0.0052216710
   0.0063105526
   0.0073766919
   0.0083917355
   0.0093282412
   0.0101603111
   0.0108638920
   0.0114170545
   0.0118003719
   0.0119974895
   0.0119958511
   0.0117873385
   0.0113686091
   0.0107411602
   0.0099112538
   0.0088896764
   0.0076914764
   0.0063357072
   0.0048451758
   0.0032459270
   0.0015666322
  -0.0001620680
  -0.0019078987
  -0.0036380817
  -0.0053198817
  -0.0069216808
  -0.0084134947
  -0.0097674790
  -0.0109587783
  -0.0119661228
  -0.0127721042
  -0.0133633169
  -0.0137308575
  -0.0138706773
  -0.0137834104
  -0.0134739821
  -0.0129518877
  -0.0122315340
  -0.0113298175
  -0.0102681661
  -0.0090705187
  -0.0077622474
  -0.0063718165
  -0.0049270567
  -0.0034570346
  -0.0019902181
  -0.0005538569
   0.0008262336
   0.0021261983
   0.0033248693
   0.0044041071
   0.0053489311
   0.0061477395
   0.0067926453
   0.0072794806
   0.0076075946
   0.0077796866
   0.0078017620
   0.0076828454
   0.0074345022
   0.0070703702
   0.0066058635
   0.0060577466
   0.0054435752
   0.0047811498
   0.0040881736
   0.0033818800
   0.0026786184
   0.0019934199
   0.0013397643
   0.0007293556
   0.0001719637
  -0.0003247132
  -0.0007550472
  -0.0011155505
  -0.0014048338
  -0.0016234704
  -0.0017736907
  -0.0018593039
  -0.0018855105
  -0.0018585789
  -0.0017854571
  -0.0016739344
  -0.0015316884
  -0.0013667386
  -0.0044047220
