  -0.0002953558
   0.0005287400
  -0.0000297566
  -0.0006135864
   0.0003214750
   0.0003960778
  -0.0006468502
  -0.0000181058
   0.0009076718
  -0.0002578455
  -0.0006870928
   0.0007403215
   0.0003343061
  -0.0012049987
  -0.0001244221
   0.0010564897
  -0.0005449317
  -0.0008988889
   0.0012340701
   0.0008489208
  -0.0012462193
  -0.0000258032
   0.0014444427
  -0.0008071947
  -0.0016544248
   0.0009697761
   0.0008103316
  -0.0016035670
  -0.0000550407
   0.0021529671
  -0.0001397792
  -0.0014741811
   0.0011922255
   0.0010667785
  -0.0020692785
  -0.0009978300
   0.0016660653
  -0.0003431725
  -0.0018013693
   0.0013717948
   0.0020021887
  -0.0012065607
  -0.0006011591
   0.0019574533
  -0.0002792162
  -0.0025075631
   0.0002176889
   0.0012701629
  -0.0015348332
  -0.0008258973
   0.0023753479
   0.0009339408
  -0.0014047467
   0.0007781683
   0.0015790855
  -0.0016891788
  -0.0018560104
   0.0009600478
  -0.0000059211
  -0.0018207405
   0.0006966118
   0.0023119251
  -0.0001303796
  -0.0005097452
   0.0016319037
   0.0002827810
  -0.0022480471
  -0.0007669507
   0.0006103901
  -0.0012161324
  -0.0010020622
   0.0017490384
   0.0014669534
  -0.0003088878
   0.0007822951
   0.0013910970
  -0.0010024975
  -0.0018338773
  -0.0002225978
  -0.0005006660
  -0.0015215544
   0.0002304450
   0.0018331571
   0.0007689911
   0.0004638774
   0.0015041462
   0.0004201539
  -0.0015102974
  -0.0011803940
  -0.0006402188
  -0.0014454751
  -0.0009212232
   0.0009880545
   0.0013766575
   0.0009030902
   0.0014439915
   0.0013029927
  -0.0004073427
  -0.0013187900
  -0.0011279911
  -0.0015453291
  -0.0015985418
  -0.0001543019
   0.0010282242
   0.0012374767
   0.0017027656
   0.0018548020
   0.0006830298
  -0.0005936992
  -0.0011736826
  -0.0018218711
  -0.0021275498
  -0.0011735479
   0.0001074778
   0.0009009460
   0.0018288500
   0.0024212549
   0.0016256772
   0.0003883885
  -0.0004524407
  -0.0016694033
  -0.0026664107
  -0.0020740490
  -0.0008778745
  -0.0000789588
   0.0012890328
   0.0027736464
   0.0025536057
   0.0013445880
   0.0006122282
  -0.0006773532
  -0.0026708434
  -0.0030304138
  -0.0018045536
  -0.0011072570
  -0.0000850063
   0.0022859156
   0.0034034460
   0.0023156709
   0.0015400362
   0.0008683985
  -0.0015654937
  -0.0035582793
  -0.0029037515
  -0.0019149262
  -0.0015686551
   0.0005509836
   0.0033808949
   0.0034980129
   0.0023038451
   0.0021228149
   0.0006016098
  -0.0027602239
  -0.0039549021
  -0.0028052978
  -0.0025086946
  -0.0017003789
   0.0016611891
   0.0041028985
   0.0034355779
   0.0027886066
   0.0025923935
  -0.0002084070
  -0.0037554207
  -0.0040801847
  -0.0031174896
  -0.0031867651
  -0.0013413220
   0.0027668720
   0.0045295486
   0.0036356971
   0.0034956335
   0.0027092584
  -0.0011576177
  -0.0045152113
  -0.0043384905
  -0.0036857220
  -0.0036764170
  -0.0008227038
   0.0037562608
   0.0050432963
   0.0040196930
   0.0041430749
   0.0027777737
  -0.0020954052
  -0.0054229772
  -0.0046796088
  -0.0042156027
  -0.0043013809
  -0.0003401571
   0.0050488172
   0.0056241659
   0.0042302815
   0.0050882004
   0.0031166587
  -0.0035122555
  -0.0065545992
  -0.0046025214
  -0.0050630739
  -0.0056235774
   0.0006556694
   0.0069288589
   0.0055865284
   0.0045078082
   0.0072382790
   0.0032470934
  -0.0060373767
  -0.0071090617
  -0.0040261407
  -0.0075074137
  -0.0075044278
   0.0032368805
   0.0086881513
   0.0042977464
   0.0063822616
   0.0111537250
   0.0017250922
  -0.0093977501
  -0.0057828915
  -0.0043831278
  -0.0131554731
  -0.0085140528
   0.0079750325
   0.0084896317
   0.0025155769
   0.0126817043
   0.0162107014
  -0.0031235622
  -0.0117515653
  -0.0019966613
  -0.0094668322
  -0.0234055127
  -0.0062108782
   0.0140210048
   0.0039940944
   0.0039856341
   0.0283696370
   0.0209307224
  -0.0126996073
  -0.0094519731
   0.0026745950
  -0.0292991112
  -0.0427088546
   0.0033008106
   0.0191903510
  -0.0090862385
   0.0240087267
   0.0786333358
   0.0269169544
  -0.0361904956
   0.0137527292
  -0.0036084824
  -0.1922345178
  -0.2070173487
   0.1410460372
   0.3845332526
   0.1410460372
  -0.2070173487
  -0.1922345178
  -0.0036084824
   0.0137527292
  -0.0361904956
   0.0269169544
   0.0786333358
   0.0240087267
  -0.0090862385
   0.0191903510
   0.0033008106
  -0.0427088546
  -0.0292991112
   0.0026745950
  -0.0094519731
  -0.0126996073
   0.0209307224
   0.0283696370
   0.0039856341
   0.0039940944
   0.0140210048
  -0.0062108782
  -0.0234055127
  -0.0094668322
  -0.0019966613
  -0.0117515653
  -0.0031235622
   0.0162107014
   0.0126817043
   0.0025155769
   0.0084896317
   0.0079750325
  -0.0085140528
  -0.0131554731
  -0.0043831278
  -0.0057828915
  -0.0093977501
   0.0017250922
   0.0111537250
   0.0063822616
   0.0042977464
   0.0086881513
   0.0032368805
  -0.0075044278
  -0.0075074137
  -0.0040261407
  -0.0071090617
  -0.0060373767
   0.0032470934
   0.0072382790
   0.0045078082
   0.0055865284
   0.0069288589
   0.0006556694
  -0.0056235774
  -0.0050630739
  -0.0046025214
  -0.0065545992
  -0.0035122555
   0.0031166587
   0.0050882004
   0.0042302815
   0.0056241659
   0.0050488172
  -0.0003401571
  -0.0043013809
  -0.0042156027
  -0.0046796088
  -0.0054229772
  -0.0020954052
   0.0027777737
   0.0041430749
   0.0040196930
   0.0050432963
   0.0037562608
  -0.0008227038
  -0.0036764170
  -0.0036857220
  -0.0043384905
  -0.0045152113
  -0.0011576177
   0.0027092584
   0.0034956335
   0.0036356971
   0.0045295486
   0.0027668720
  -0.0013413220
  -0.0031867651
  -0.0031174896
  -0.0040801847
  -0.0037554207
  -0.0002084070
   0.0025923935
   0.0027886066
   0.0034355779
   0.0041028985
   0.0016611891
  -0.0017003789
  -0.0025086946
  -0.0028052978
  -0.0039549021
  -0.0027602239
   0.0006016098
   0.0021228149
   0.0023038451
   0.0034980129
   0.0033808949
   0.0005509836
  -0.0015686551
  -0.0019149262
  -0.0029037515
  -0.0035582793
  -0.0015654937
   0.0008683985
   0.0015400362
   0.0023156709
   0.0034034460
   0.0022859156
  -0.0000850063
  -0.0011072570
  -0.0018045536
  -0.0030304138
  -0.0026708434
  -0.0006773532
   0.0006122282
   0.0013445880
   0.0025536057
   0.0027736464
   0.0012890328
  -0.0000789588
  -0.0008778745
  -0.0020740490
  -0.0026664107
  -0.0016694033
  -0.0004524407
   0.0003883885
   0.0016256772
   0.0024212549
   0.0018288500
   0.0009009460
   0.0001074778
  -0.0011735479
  -0.0021275498
  -0.0018218711
  -0.0011736826
  -0.0005936992
   0.0006830298
   0.0018548020
   0.0017027656
   0.0012374767
   0.0010282242
  -0.0001543019
  -0.0015985418
  -0.0015453291
  -0.0011279911
  -0.0013187900
  -0.0004073427
   0.0013029927
   0.0014439915
   0.0009030902
   0.0013766575
   0.0009880545
  -0.0009212232
  -0.0014454751
  -0.0006402188
  -0.0011803940
  -0.0015102974
   0.0004201539
   0.0015041462
   0.0004638774
   0.0007689911
   0.0018331571
   0.0002304450
  -0.0015215544
  -0.0005006660
  -0.0002225978
  -0.0018338773
  -0.0010024975
   0.0013910970
   0.0007822951
  -0.0003088878
   0.0014669534
   0.0017490384
  -0.0010020622
  -0.0012161324
   0.0006103901
  -0.0007669507
  -0.0022480471
   0.0002827810
   0.0016319037
  -0.0005097452
  -0.0001303796
   0.0023119251
   0.0006966118
  -0.0018207405
  -0.0000059211
   0.0009600478
  -0.0018560104
  -0.0016891788
   0.0015790855
   0.0007781683
  -0.0014047467
   0.0009339408
   0.0023753479
  -0.0008258973
  -0.0015348332
   0.0012701629
   0.0002176889
  -0.0025075631
  -0.0002792162
   0.0019574533
  -0.0006011591
  -0.0012065607
   0.0020021887
   0.0013717948
  -0.0018013693
  -0.0003431725
   0.0016660653
  -0.0009978300
  -0.0020692785
   0.0010667785
   0.0011922255
  -0.0014741811
  -0.0001397792
   0.0021529671
  -0.0000550407
  -0.0016035670
   0.0008103316
   0.0009697761
  -0.0016544248
  -0.0008071947
   0.0014444427
  -0.0000258032
  -0.0012462193
   0.0008489208
   0.0012340701
  -0.0008988889
  -0.0005449317
   0.0010564897
  -0.0001244221
  -0.0012049987
   0.0003343061
   0.0007403215
  -0.0006870928
  -0.0002578455
   0.0009076718
  -0.0000181058
  -0.0006468502
   0.0003960778
   0.0003214750
  -0.0006135864
  -0.0000297566
   0.0005287400
  -0.0002953558
