   0.0030572966
  -0.0059570506
   0.0026288424
   0.0033943564
  -0.0058516435
   0.0022537156
   0.0036614525
  -0.0057905833
   0.0018963665
   0.0040101629
  -0.0057296216
   0.0014130293
   0.0043832285
  -0.0055373003
   0.0008821615
   0.0046557158
  -0.0053126596
   0.0004278524
   0.0049374249
  -0.0051731260
  -0.0000653087
   0.0053272326
  -0.0049900659
  -0.0006761239
   0.0056755230
  -0.0046948333
  -0.0012405647
   0.0059199177
  -0.0044527313
  -0.0017120689
   0.0062237013
  -0.0042839023
  -0.0022594007
   0.0065813433
  -0.0040088627
  -0.0028601106
   0.0068076358
  -0.0036618194
  -0.0033331645
   0.0069514698
  -0.0034139987
  -0.0037476445
   0.0071748861
  -0.0031743793
  -0.0042587030
   0.0073674014
  -0.0027945645
  -0.0047399349
   0.0073892353
  -0.0024141160
  -0.0050624771
   0.0073907663
  -0.0021483320
  -0.0053857319
   0.0074705586
  -0.0018288960
  -0.0057893153
   0.0074500124
  -0.0013946443
  -0.0060837471
   0.0072835605
  -0.0010435281
  -0.0062365196
   0.0071724136
  -0.0007944937
  -0.0064469522
   0.0071182858
  -0.0004520891
  -0.0066954763
   0.0069277730
  -0.0000581169
  -0.0067877485
   0.0066616272
   0.0001917871
  -0.0067983794
   0.0065129139
   0.0003831257
  -0.0069118598
   0.0063841157
   0.0006874663
  -0.0070149250
   0.0061168900
   0.0009730009
  -0.0069594581
   0.0058605558
   0.0010988909
  -0.0069075474
   0.0057483009
   0.0012346345
  -0.0069805676
   0.0056056582
   0.0014846099
  -0.0069976212
   0.0053477967
   0.0016585498
  -0.0068920608
   0.0051752953
   0.0017046478
  -0.0068722088
   0.0051273078
   0.0018342311
  -0.0069638769
   0.0049937253
   0.0020568896
  -0.0069600489
   0.0047842231
   0.0021680817
  -0.0068908480
   0.0047025660
   0.0022167460
  -0.0069597246
   0.0046843877
   0.0024037926
  -0.0070896141
   0.0045355091
   0.0026397802
  -0.0070969623
   0.0043595535
   0.0027534380
  -0.0071015587
   0.0043162511
   0.0028809065
  -0.0072532293
   0.0042553376
   0.0031627016
  -0.0073912384
   0.0040471524
   0.0034308041
  -0.0073999827
   0.0038657464
   0.0035868256
  -0.0074602647
   0.0037908705
   0.0038196659
  -0.0076340804
   0.0036253589
   0.0041758650
  -0.0077181300
   0.0033362827
   0.0044500248
  -0.0076933566
   0.0031270451
   0.0046394962
  -0.0077591693
   0.0029808364
   0.0049404961
  -0.0078782787
   0.0027026926
   0.0052973329
  -0.0078566158
   0.0023630223
   0.0055193485
  -0.0077766332
   0.0021447756
   0.0057009172
  -0.0078098562
   0.0019397960
   0.0060007211
  -0.0078324355
   0.0016013365
   0.0062790617
  -0.0077076821
   0.0012826346
   0.0064083826
  -0.0075983900
   0.0011007084
   0.0065573870
  -0.0076075424
   0.0008823169
   0.0068113876
  -0.0075561208
   0.0005612443
   0.0069834752
  -0.0073953146
   0.0003326321
   0.0070388792
  -0.0073256012
   0.0002193850
   0.0071783659
  -0.0073570042
   0.0000246918
   0.0073954845
  -0.0072975898
  -0.0002253197
   0.0075009438
  -0.0071930834
  -0.0003414816
   0.0075564639
  -0.0072322338
  -0.0003969457
   0.0077464152
  -0.0073325589
  -0.0005663393
   0.0079771394
  -0.0073321868
  -0.0007410313
   0.0080981621
  -0.0073564713
  -0.0007779130
   0.0082486406
  -0.0075434551
  -0.0008239091
   0.0085589069
  -0.0077426735
  -0.0009955851
   0.0088736348
  -0.0078553300
  -0.0011274200
   0.0091093345
  -0.0080601359
  -0.0011441324
   0.0094533907
  -0.0084282586
  -0.0012321419
   0.0099678505
  -0.0087796965
  -0.0014332994
   0.0104728639
  -0.0090981880
  -0.0015538525
   0.0109677758
  -0.0095978865
  -0.0015884788
   0.0116729370
  -0.0102986936
  -0.0017351451
   0.0126035321
  -0.0110394311
  -0.0019632109
   0.0136071669
  -0.0119192378
  -0.0020659944
   0.0148111385
  -0.0132388204
  -0.0021000396
   0.0165527226
  -0.0150829401
  -0.0022778170
   0.0189714261
  -0.0174984342
  -0.0025065842
   0.0222419440
  -0.0211040195
  -0.0025328220
   0.0273327843
  -0.0273138755
  -0.0024770758
   0.0367041796
  -0.0390826842
  -0.0027238830
   0.0575244868
  -0.0682320476
  -0.0032553169
   0.1400399780
  -0.2741735535
   0.3297897557
  -0.2741735535
   0.1400399780
  -0.0032553169
  -0.0682320476
   0.0575244868
  -0.0027238830
  -0.0390826842
   0.0367041796
  -0.0024770758
  -0.0273138755
   0.0273327843
  -0.0025328220
  -0.0211040195
   0.0222419440
  -0.0025065842
  -0.0174984342
   0.0189714261
  -0.0022778170
  -0.0150829401
   0.0165527226
  -0.0021000396
  -0.0132388204
   0.0148111385
  -0.0020659944
  -0.0119192378
   0.0136071669
  -0.0019632109
  -0.0110394311
   0.0126035321
  -0.0017351451
  -0.0102986936
   0.0116729370
  -0.0015884788
  -0.0095978865
   0.0109677758
  -0.0015538525
  -0.0090981880
   0.0104728639
  -0.0014332994
  -0.0087796965
   0.0099678505
  -0.0012321419
  -0.0084282586
   0.0094533907
  -0.0011441324
  -0.0080601359
   0.0091093345
  -0.0011274200
  -0.0078553300
   0.0088736348
  -0.0009955851
  -0.0077426735
   0.0085589069
  -0.0008239091
  -0.0075434551
   0.0082486406
  -0.0007779130
  -0.0073564713
   0.0080981621
  -0.0007410313
  -0.0073321868
   0.0079771394
  -0.0005663393
  -0.0073325589
   0.0077464152
  -0.0003969457
  -0.0072322338
   0.0075564639
  -0.0003414816
  -0.0071930834
   0.0075009438
  -0.0002253197
  -0.0072975898
   0.0073954845
   0.0000246918
  -0.0073570042
   0.0071783659
   0.0002193850
  -0.0073256012
   0.0070388792
   0.0003326321
  -0.0073953146
   0.0069834752
   0.0005612443
  -0.0075561208
   0.0068113876
   0.0008823169
  -0.0076075424
   0.0065573870
   0.0011007084
  -0.0075983900
   0.0064083826
   0.0012826346
  -0.0077076821
   0.0062790617
   0.0016013365
  -0.0078324355
   0.0060007211
   0.0019397960
  -0.0078098562
   0.0057009172
   0.0021447756
  -0.0077766332
   0.0055193485
   0.0023630223
  -0.0078566158
   0.0052973329
   0.0027026926
  -0.0078782787
   0.0049404961
   0.0029808364
  -0.0077591693
   0.0046394962
   0.0031270451
  -0.0076933566
   0.0044500248
   0.0033362827
  -0.0077181300
   0.0041758650
   0.0036253589
  -0.0076340804
   0.0038196659
   0.0037908705
  -0.0074602647
   0.0035868256
   0.0038657464
  -0.0073999827
   0.0034308041
   0.0040471524
  -0.0073912384
   0.0031627016
   0.0042553376
  -0.0072532293
   0.0028809065
   0.0043162511
  -0.0071015587
   0.0027534380
   0.0043595535
  -0.0070969623
   0.0026397802
   0.0045355091
  -0.0070896141
   0.0024037926
   0.0046843877
  -0.0069597246
   0.0022167460
   0.0047025660
  -0.0068908480
   0.0021680817
   0.0047842231
  -0.0069600489
   0.0020568896
   0.0049937253
  -0.0069638769
   0.0018342311
   0.0051273078
  -0.0068722088
   0.0017046478
   0.0051752953
  -0.0068920608
   0.0016585498
   0.0053477967
  -0.0069976212
   0.0014846099
   0.0056056582
  -0.0069805676
   0.0012346345
   0.0057483009
  -0.0069075474
   0.0010988909
   0.0058605558
  -0.0069594581
   0.0009730009
   0.0061168900
  -0.0070149250
   0.0006874663
   0.0063841157
  -0.0069118598
   0.0003831257
   0.0065129139
  -0.0067983794
   0.0001917871
   0.0066616272
  -0.0067877485
  -0.0000581169
   0.0069277730
  -0.0066954763
  -0.0004520891
   0.0071182858
  -0.0064469522
  -0.0007944937
   0.0071724136
  -0.0062365196
  -0.0010435281
   0.0072835605
  -0.0060837471
  -0.0013946443
   0.0074500124
  -0.0057893153
  -0.0018288960
   0.0074705586
  -0.0053857319
  -0.0021483320
   0.0073907663
  -0.0050624771
  -0.0024141160
   0.0073892353
  -0.0047399349
  -0.0027945645
   0.0073674014
  -0.0042587030
  -0.0031743793
   0.0071748861
  -0.0037476445
  -0.0034139987
   0.0069514698
  -0.0033331645
  -0.0036618194
   0.0068076358
  -0.0028601106
  -0.0040088627
   0.0065813433
  -0.0022594007
  -0.0042839023
   0.0062237013
  -0.0017120689
  -0.0044527313
   0.0059199177
  -0.0012405647
  -0.0046948333
   0.0056755230
  -0.0006761239
  -0.0049900659
   0.0053272326
  -0.0000653087
  -0.0051731260
   0.0049374249
   0.0004278524
  -0.0053126596
   0.0046557158
   0.0008821615
  -0.0055373003
   0.0043832285
   0.0014130293
  -0.0057296216
   0.0040101629
   0.0018963665
  -0.0057905833
   0.0036614525
   0.0022537156
  -0.0058516435
   0.0033943564
   0.0026288424
  -0.0059570506
   0.0030572966
